2720.81478	0.355153256941	0.355153257019	-7.7832074119e-11	
2720.81837	0.35552402128	0.355524021387	-1.07429509733e-10	
2720.82194	0.351394766361	0.35139476649	-1.29281974015e-10	
2720.82556	0.341021073205	0.341021073365	-1.59681323719e-10	
2720.82911	0.323603759314	0.323603759481	-1.66618829844e-10	
2720.83268	0.298271444756	0.298271444934	-1.78316195143e-10	
2720.83625	0.265310021359	0.265310021536	-1.7727835866e-10	
2720.83983	0.225702265209	0.225702265381	-1.72007130761e-10	
2720.84342	0.181416187486	0.181416187642	-1.55929602563e-10	
2720.84698	0.135775612024	0.135775612148	-1.24353555231e-10	
2720.85056	0.0915455581877	0.0915455582778	-9.01418106825e-11	
2720.85412	0.0528963033251	0.0528963033793	-5.42430822481e-11	
2720.8577	0.0230633932069	0.0230633932159	-8.97104265873e-12	
2720.86127	0.00559843914924	0.00559843911041	3.88300303369e-11	
2720.86486	0.00294676688949	0.00294676679971	8.97827237903e-11	
2720.86844	0.0166724764339	0.016672476302	1.31880503046e-10	
2720.87203	0.0470581243916	0.0470581242206	1.70978599334e-10	
2720.87561	0.0927575493012	0.0927575490996	2.01572925018e-10	
2720.87918	0.1511233516	0.151123351379	2.20949758489e-10	
2720.88274	0.218363537537	0.218363537309	2.28411373149e-10	
2720.8863	0.290040119535	0.290040119312	2.22837692743e-10	
2720.88987	0.361205801695	0.361205801496	1.99278205049e-10	
2720.89344	0.426342577124	0.426342576952	1.71817560179e-10	
2720.897	0.480311215634	0.480311215508	1.25978893983e-10	
2720.90058	0.519247268859	0.519247268783	7.56558149462e-11	
2720.90417	0.539675860506	0.539675860483	2.27911023387e-11	
2720.90776	0.539708171563	0.539708171597	-3.43280959214e-11	
2720.91133	0.519359015962	0.51935901605	-8.83829676113e-11	
2720.91489	0.480263083345	0.480263083485	-1.39934341892e-10	
2720.91847	0.424935977038	0.42493597722	-1.81606396588e-10	
2720.92204	0.357924440443	0.357924440655	-2.1178286902e-10	
2720.9256	0.284326594053	0.284326594277	-2.24384566483e-10	
2720.92918	0.208979285537	0.208979285761	-2.2395599264e-10	
2720.93275	0.137976263494	0.137976263716	-2.21667517675e-10	
2720.94696	-0.0193521494168	-0.0193521493405	-7.63458359032e-11	
2720.95053	-0.0163616011952	-0.0163616011661	-2.90838603201e-11	
2720.9701	0.213013500205	0.213013500029	1.76425901666e-10	
2720.97367	0.263565097491	0.263565097308	1.82591719522e-10	
2720.97724	0.307720642414	0.307720642227	1.87186266487e-10	
2720.9844	0.368849400049	0.36884939989	1.59490254337e-10	
2721.67611	0.251555551487	0.25155555134	1.47044432186e-10	
2721.67967	0.266639959226	0.266639959087	1.38509148595e-10	
2721.68323	0.279035288222	0.279035288078	1.43561162957e-10	
2721.70107	0.337425497378	0.337425497327	5.08175168612e-11	
2721.70464	0.351768917747	0.351768917723	2.3546609107e-11	
2721.70819	0.365583153524	0.365583153531	-6.86312118248e-12	
2721.71175	0.377329100175	0.377329100214	-3.92786358994e-11	
2721.71531	0.384994894896	0.384994894965	-6.86660728277e-11	
2721.71888	0.386533730412	0.386533730513	-1.01351982362e-10	
2721.72244	0.380098118073	0.380098118194	-1.20536358672e-10	
2721.726	0.364348829561	0.364348829708	-1.46557488367e-10	
2721.72957	0.338569676865	0.338569677027	-1.62478974719e-10	
2721.73313	0.303179015057	0.303179015228	-1.71267833249e-10	
2721.7367	0.259254028383	0.259254028555	-1.71929526172e-10	
2721.74025	0.209443923987	0.20944392415	-1.63439900502e-10	
2721.7479	0.0967300959996	0.0967300961133	-1.13735826313e-10	
2721.75147	0.0502315831227	0.0502315832009	-7.81630871138e-11	
2721.75503	0.0133524007967	0.0133524008333	-3.66498446175e-11	
2721.7586	-0.0105140955139	-0.0105140955235	9.64305718609e-12	
2721.76216	-0.0184694054562	-0.0184694055112	5.49671454186e-11	
2721.76573	-0.0089126298775	-0.00891262997732	9.98224090193e-11	
2721.76929	0.0184050477516	0.0184050476115	1.40147421446e-10	
2721.77285	0.0623567811745	0.0623567810012	1.73321662578e-10	
2721.77642	0.120597289709	0.120597289511	1.97678137748e-10	
2721.78004	0.190245227742	0.190245227532	2.09672446072e-10	
2721.7836	0.264343573808	0.264343573597	2.10964745673e-10	
2721.78716	0.338660445143	0.338660444944	1.98738137058e-10	
2721.79073	0.407921348594	0.407921348419	1.74504410921e-10	
2721.79429	0.4665811155	0.46658111536	1.40349676325e-10	
2721.79787	0.510642449901	0.510642449804	9.66511315426e-11	
2721.80144	0.536365523438	0.536365523391	4.74992267741e-11	
2721.805	0.542019569601	0.542019569603	-2.48512321832e-12	
2721.80856	0.527385003198	0.527385003251	-5.33136867986e-11	
2721.81213	0.493597411975	0.493597412076	-1.00725816576e-10	
2721.8157	0.443404626299	0.443404626438	-1.3927076159e-10	
2721.81926	0.380955884317	0.38095588449	-1.73271230697e-10	
2721.82283	0.310724612611	0.310724612805	-1.94126159592e-10	
2721.8264	0.238161844111	0.238161844315	-2.03967731593e-10	
2721.82996	0.168750247131	0.168750247328	-1.96962057775e-10	
2721.83356	0.106478094774	0.106478094957	-1.83195597581e-10	
2721.83713	0.0566522316951	0.0566522318583	-1.63239255446e-10	
2721.8407	0.021624813099	0.0216248132298	-1.3079625924e-10	
2721.84428	0.00296348939239	0.00296348948173	-8.93424453342e-11	
2721.84786	0.0010070736267	0.00100707367679	-5.00892259527e-11	
2721.85142	0.0145308496811	0.0145308496874	-6.2551856056e-12	
2721.85512	0.0425453684239	0.0425453683929	3.09915149099e-11	
2721.85868	0.0797549050641	0.0797549049922	7.18718279336e-11	
2721.86227	0.123772736938	0.123772736835	1.03023284348e-10	
2721.86583	0.170105135851	0.170105135721	1.30030264334e-10	
2721.86941	0.215822822366	0.215822822222	1.43986905732e-10	
2721.87298	0.257500984113	0.257500983956	1.5730367009e-10	
2721.87655	0.292985386357	0.292985386198	1.59118773713e-10	
2721.88013	0.320941799121	0.320941798971	1.49720513765e-10	
2721.88369	0.340683206996	0.340683206849	1.46632594955e-10	
2721.88725	0.352742706897	0.352742706775	1.21700816091e-10	
2721.89081	0.358151482043	0.358151481934	1.09374953539e-10	
2721.89438	0.358390499632	0.358390499554	7.75937092357e-11	
2721.89794	0.355146068166	0.355146068114	5.15851805716e-11	
2721.90158	0.349920577727	0.349920577703	2.37654895763e-11	
2721.90516	0.344256018865	0.344256018868	-3.42292860722e-12	
2721.90872	0.338955594477	0.338955594508	-3.06172864839e-11	
2721.91231	0.334207438242	0.334207438298	-5.55638868249e-11	
2721.91588	0.329741142809	0.329741142892	-8.27043433738e-11	
2721.91945	0.324671216186	0.324671216287	-1.01179453704e-10	
2721.92301	0.317801268196	0.317801268319	-1.23293930621e-10	
2721.92659	0.307695933943	0.307695934076	-1.32834354627e-10	
2721.93016	0.293160010142	0.293160010285	-1.4293877193e-10	
2721.93377	0.273000769183	0.27300076933	-1.46864020945e-10	
2721.93735	0.247240006004	0.24724000615	-1.46011286395e-10	
2721.94092	0.216221075867	0.216221076006	-1.38776323766e-10	
2721.94449	0.181074194382	0.181074194501	-1.19138726662e-10	
2721.94811	0.143248200178	0.143248200275	-9.70482028073e-11	
2721.95168	0.106456290551	0.106456290619	-6.79376138679e-11	
2721.95528	0.0730161804146	0.0730161804491	-3.44696216015e-11	
2721.95886	0.046690461197	0.0466904611941	2.91260071617e-12	
2721.96242	0.0304347589552	0.0304347589133	4.19005663499e-11	
2721.96599	0.0266270130716	0.0266270129871	8.44670097755e-11	
2721.96956	0.0370674056256	0.0370674055083	1.17309120751e-10	
2721.97313	0.0624241293705	0.0624241292216	1.4891805844e-10	
2721.97677	0.10304780172	0.103047801542	1.78493053671e-10	
2721.98034	0.155496523701	0.155496523511	1.90002374945e-10	
2722.66862	0.0158585990289	0.0158585988996	1.29260609161e-10	
2722.67218	0.0665195120111	0.0665195118519	1.59169996627e-10	
2722.67584	0.132393251728	0.132393251547	1.80897380408e-10	
2722.6794	0.205355326438	0.205355326238	2.0033424919e-10	
2722.68296	0.281834184664	0.281834184474	1.90221671748e-10	
2722.69968	0.531905019009	0.531905018954	5.53688206395e-11	
2722.70323	0.537482984927	0.537482984917	1.02269304136e-11	
2722.70679	0.523222081023	0.523222081058	-3.45825590387e-11	
2722.71035	0.490563891336	0.490563891412	-7.57727214307e-11	
2722.71391	0.442373182609	0.442373182722	-1.1288631141e-10	
2722.71748	0.382442352806	0.382442352948	-1.42469480657e-10	
2722.72103	0.316028705531	0.316028705694	-1.63454583202e-10	
2722.72461	0.247260047934	0.247260048108	-1.73748432308e-10	
2722.72817	0.182050937806	0.182050937981	-1.74835312894e-10	
2722.73173	0.124448584411	0.124448584577	-1.65851402056e-10	
2722.73529	0.0780286900727	0.0780286902212	-1.48496562269e-10	
2722.74294	0.0259848868149	0.0259848869036	-8.86664699995e-11	
2722.7465	0.0250503771532	0.0250503772078	-5.45925527007e-11	
2722.75015	0.0379396137214	0.0379396137353	-1.39298711455e-11	
2722.75371	0.0616676930022	0.0616676929862	1.60225305246e-11	
2722.7573	0.0937446680053	0.0937446679571	4.81706757816e-11	
2722.76086	0.130371893011	0.130371892934	7.67008401237e-11	
2722.76442	0.168584999671	0.168584999574	9.69285762764e-11	
2722.76799	0.205621520561	0.205621520444	1.17247517251e-10	
2722.77155	0.238990900149	0.238990900024	1.24602023144e-10	
2722.77512	0.267337405584	0.26733740545	1.34477262659e-10	
2722.77869	0.289828422998	0.289828422868	1.2952378059e-10	
2722.78225	0.306471454099	0.30647145397	1.29025901074e-10	
2722.78581	0.318032161932	0.318032161817	1.1490719487e-10	
2722.78937	0.325658390867	0.325658390763	1.04443897975e-10	
2722.79293	0.330714547956	0.330714547872	8.35644331509e-11	
2722.79649	0.334531723373	0.334531723309	6.35834163099e-11	
2722.80006	0.338186998183	0.338186998141	4.19729251355e-11	
2722.80365	0.342315028609	0.342315028591	1.78210779467e-11	
2722.80721	0.34690760229	0.346907602297	-6.60166366018e-12	
2722.81078	0.351464072611	0.351464072643	-3.19447801544e-11	
2722.81436	0.354892163994	0.354892164053	-5.86715676043e-11	
2722.8207	0.353440625717	0.353440625813	-9.57722789963e-11	
2722.82428	0.345489456571	0.345489456689	-1.17948928402e-10	
2722.82787	0.330554127815	0.330554127948	-1.33476008024e-10	
2722.83146	0.307815048828	0.307815048966	-1.38049294218e-10	
2722.83502	0.277478489871	0.277478490016	-1.44997458484e-10	
2722.83859	0.240056916399	0.240056916536	-1.37477584872e-10	
2722.84217	0.197193199758	0.197193199885	-1.26972127257e-10	
2722.84573	0.15179521617	0.151795216282	-1.11654518964e-10	
2722.84929	0.106814908878	0.106814908963	-8.52805465135e-11	
2722.85286	0.0657344573723	0.065734457427	-5.46788864186e-11	
2722.85644	0.0323124282273	0.0323124282473	-1.99568972459e-11	
2722.86002	0.0101409861103	0.0101409860929	1.74433627265e-11	
2722.86359	0.00205704153919	0.00205704148133	5.78627068135e-11	
2722.86715	0.00980066331178	0.00980066321984	9.19390483883e-11	
2722.87077	0.0345420925613	0.0345420924362	1.25104385185e-10	
2722.87435	0.0750509616823	0.0750509615306	1.51702553297e-10	
2722.87792	0.129274440623	0.129274440453	1.70149533352e-10	
2722.88151	0.194382046382	0.194382046202	1.79655790244e-10	
2722.88509	0.265492477812	0.265492477633	1.78905001924e-10	
2722.88866	0.337496718166	0.337496717999	1.66841207516e-10	
2722.89223	0.405262884258	0.405262884113	1.44968148597e-10	
2722.89584	0.464209739379	0.464209739263	1.15922160759e-10	
2722.89941	0.508434118174	0.508434118098	7.58489937525e-11	
2722.90298	0.535109646802	0.535109646769	3.30351301869e-11	
2722.90654	0.542028907856	0.542028907868	-1.16511245096e-11	
2722.91013	0.528409558028	0.528409558084	-5.62309088181e-11	
2722.91369	0.495388228736	0.495388228834	-9.77086189735e-11	
2722.91726	0.445196178268	0.4451961784	-1.32447275369e-10	
2722.92082	0.381855639754	0.381855639914	-1.59671831312e-10	
2722.92441	0.309349347302	0.309349347478	-1.76370473781e-10	
2722.92799	0.23382976483	0.233829765013	-1.83470488802e-10	
2722.93155	0.161058099159	0.161058099338	-1.78537296058e-10	
2722.93511	0.0957739024874	0.0957739026518	-1.64413149761e-10	
2722.93871	0.0418889444612	0.0418889446018	-1.4058226111e-10	
2722.94227	0.00398333352287	0.00398333363235	-1.09481690207e-10	
2722.94584	-0.0166176509486	-0.0166176508756	-7.29845454905e-11	
2722.94945	-0.0191088276436	-0.0191088276105	-3.31041999369e-11	
2722.95304	-0.00414922050923	-0.0041492205162	6.96695565822e-12	
2722.95661	0.0258233066732	0.0258233066283	4.49224338284e-11	
2722.96017	0.067545237613	0.0675452375341	7.89224519071e-11	
2722.96375	0.117537974329	0.117537974224	1.04685565772e-10	
2722.96731	0.171069029784	0.171069029655	1.28606819638e-10	
2722.97087	0.224310639872	0.22431063973	1.42215350607e-10	
2722.97445	0.273852404719	0.273852404575	1.44460887697e-10	
2723.75438	0.019207809876	0.0192078099147	-3.87017397296e-11	
2723.75797	-0.0073926159718	-0.00739261597317	1.36905070613e-12	
2723.76154	-0.0183097249723	-0.0183097250085	3.6192899372e-11	
2723.76512	-0.0118204949538	-0.0118204950249	7.10808755605e-11	
2723.76868	0.0124937949248	0.0124937948188	1.0604594633e-10	
2723.77225	0.0538750628472	0.0538750627179	1.29279940919e-10	
2723.77582	0.109965182912	0.109965182763	1.49429996155e-10	
2723.7794	0.177363411992	0.177363411832	1.60038482466e-10	
2723.78296	0.250847894883	0.25084789472	1.62606983434e-10	
2723.78653	0.325735873192	0.325735873033	1.59019630797e-10	
2723.79009	0.396131471695	0.396131471557	1.38039524256e-10	
2723.79365	0.457011724867	0.457011724754	1.12822751142e-10	
2723.79723	0.504029783382	0.504029783301	8.11593015015e-11	
2723.80081	0.533251428229	0.533251428184	4.45810055538e-11	
2723.80437	0.542508153483	0.542508153478	4.82891504561e-12	
2723.80793	0.531416787674	0.531416787708	-3.35022010134e-11	
2723.8115	0.500847565735	0.500847565805	-7.03459512863e-11	
2723.81506	0.453446577055	0.453446577164	-1.09221132139e-10	
2723.81862	0.392888990613	0.392888990741	-1.28176136371e-10	
2723.82219	0.323642300552	0.323642300694	-1.41838985002e-10	
2723.82578	0.250696508272	0.250696508423	-1.51036239071e-10	
2723.82935	0.18021739237	0.180217392525	-1.54922241702e-10	
2723.8329	0.117098042192	0.117098042338	-1.46197776107e-10	
2723.83648	0.0646908918481	0.064690891978	-1.29924987435e-10	
2723.84004	0.0268940822095	0.0268940823116	-1.0213120627e-10	
2723.8436	0.00521053884643	0.0052105389238	-7.73719942282e-11	
2723.84717	0.000119133885148	0.000119133927482	-4.23339874847e-11	
2723.85073	0.0107950051356	0.0107950051486	-1.30369881557e-11	
2723.85431	0.0353560896606	0.0353560896415	1.90745821915e-11	
2723.85788	0.0707011494161	0.0707011493674	4.87163087648e-11	
2723.86148	0.113721563638	0.113721563564	7.4427380925e-11	
2723.86507	0.160172606478	0.160172606383	9.50855227888e-11	
2723.86865	0.206352806377	0.206352806266	1.11118808599e-10	
2723.87225	0.249420107036	0.249420106917	1.19267457022e-10	
2723.87584	0.286501911468	0.286501911346	1.21929688568e-10	
2723.8794	0.315898061989	0.315898061869	1.19799836718e-10	
2723.88296	0.337284018092	0.337284017987	1.04726838313e-10	
2723.88653	0.350881743471	0.350881743379	9.24555987325e-11	
2723.8901	0.357537022596	0.357537022511	8.51557713233e-11	
2723.89366	0.358679182488	0.358679182424	6.38654129581e-11	
2723.89723	0.355990103077	0.355990103031	4.63407090479e-11	
2723.9008	0.351126342825	0.351126342803	2.1849688725e-11	
2723.90437	0.345498102647	0.345498102643	3.71180863823e-12	
2723.90793	0.340080499513	0.340080499531	-1.77655112843e-11	
2723.9115	0.335234892402	0.335234892442	-3.97433197463e-11	
2723.91511	0.330719313628	0.330719313688	-5.9858895618e-11	
2723.91867	0.325888409042	0.325888409115	-7.34833860427e-11	
2723.92224	0.319508916322	0.319508916415	-9.27461996092e-11	
2723.92582	0.310207614059	0.310207614163	-1.03931252493e-10	
2723.92939	0.29672527259	0.296725272698	-1.08422604228e-10	
2724.6916	0.448337589955	0.448337589849	1.06310793502e-10	
2724.69458	0.489716391786	0.489716391701	8.4985352089e-11	
2724.69755	0.519022066513	0.51902206645	6.31621421832e-11	
2724.70052	0.535033707842	0.535033707809	3.34554606241e-11	
2724.70351	0.537071758035	0.537071758029	6.24966745022e-12	
2724.70648	0.525226674637	0.525226674661	-2.40549802299e-11	
2724.70945	0.500421747593	0.500421747641	-4.79003503528e-11	
2724.71241	0.464338303067	0.464338303143	-7.61699037177e-11	
2724.71538	0.418845099134	0.41884509923	-9.63454871439e-11	
2724.71836	0.366420413143	0.366420413256	-1.13096698673e-10	
2724.72133	0.310264047648	0.310264047769	-1.20982113216e-10	
2724.72431	0.252966853487	0.252966853615	-1.2762879642e-10	
2724.72727	0.197980362531	0.197980362663	-1.32361510641e-10	
2724.73027	0.146899916465	0.146899916591	-1.26466559447e-10	
2724.73732	0.0575625765603	0.0575625766609	-1.00580620221e-10	
2724.7403	0.0361499151102	0.0361499151939	-8.37326527559e-11	
2724.74328	0.0252733260451	0.0252733261095	-6.43763445329e-11	
2724.74627	0.0246872121399	0.0246872121793	-3.93566290668e-11	
2724.74924	0.0335335313637	0.0335335313855	-2.18049675538e-11	
2724.75222	0.0505765780585	0.0505765780587	-2.09568473686e-13	
2724.7552	0.0741736231512	0.0741736231263	2.4867136128e-11	
2724.75818	0.102480017433	0.102480017393	3.95546373433e-11	
2724.76115	0.133466980386	0.133466980329	5.65495705818e-11	
2724.76414	0.165591544869	0.165591544798	7.14205083963e-11	
2724.76711	0.196747722656	0.196747722573	8.293898901e-11	
2724.77011	0.22603814337	0.226038143278	9.19804787891e-11	
2724.77312	0.252150231157	0.25215023106	9.65234003836e-11	
2724.77611	0.274172758985	0.274172758889	9.58709778232e-11	
2724.77912	0.292137012566	0.292137012471	9.52851686442e-11	
2724.7821	0.305879496016	0.305879495919	9.72280034262e-11	
2724.78508	0.316024622323	0.316024622236	8.66193228255e-11	
2724.78809	0.323285272875	0.323285272792	8.28331292446e-11	
2724.79107	0.328308052052	0.328308051983	6.92638724153e-11	
2724.79406	0.332002417179	0.332002417118	6.09752803804e-11	
2724.79706	0.335104663965	0.335104663917	4.82278661451e-11	
2724.80006	0.338186998183	0.338186998152	3.07950887013e-11	
2724.80303	0.341559641439	0.341559641422	1.73523417857e-11	
2724.80601	0.345325798811	0.345325798809	2.18924878226e-12	
2724.80901	0.349267835728	0.349267835742	-1.41701095302e-11	
2724.81199	0.352818529657	0.352818529688	-3.13195580581e-11	
2724.81497	0.35525881034	0.355258810384	-4.38012404125e-11	
2724.81796	0.355679312481	0.355679312543	-6.21603324369e-11	
2724.82101	0.352994565565	0.352994565637	-7.17276238404e-11	
2724.82398	0.346405855293	0.346405855381	-8.76674288719e-11	
2724.82697	0.335010178985	0.335010179082	-9.69473945567e-11	
2724.82995	0.318354603049	0.318354603149	-9.96581706048e-11	
2724.83293	0.296203976444	0.29620397655	-1.06248565501e-10	
2724.83592	0.268654186754	0.268654186857	-1.03163200205e-10	
2724.83889	0.236640097286	0.236640097387	-1.00942587622e-10	
2724.84189	0.200684183928	0.200684184022	-9.39540945044e-11	
2724.8449	0.162467786138	0.162467786222	-8.36279379079e-11	
2724.84788	0.124356419748	0.124356419819	-7.0636288485e-11	
2724.85502	0.0444059010714	0.044405901101	-2.9640699617e-11	
2724.85802	0.020953773034	0.0209537730366	-2.58845028744e-12	
2724.861	0.006428425918	0.00642842589566	2.23392589149e-11	
2724.86399	0.00211664158882	0.00211664154795	4.08675224738e-11	
2724.86698	0.00905715544349	0.009057155377	6.64884761831e-11	
2724.86998	0.0277051522854	0.0277051521994	8.60450669049e-11	
2724.87297	0.0576487499196	0.0576487498108	1.08782378938e-10	
2724.87595	0.0978158470121	0.0978158468936	1.18493020951e-10	
2724.87893	0.146691808732	0.146691808604	1.28275334799e-10	
2724.88191	0.202109810882	0.20210981075	1.31814975601e-10	
2724.88491	0.261846646279	0.261846646139	1.39886380257e-10	
2724.88791	0.322542628454	0.322542628329	1.24911359034e-10	
2724.89091	0.381035907501	0.381035907387	1.13722586903e-10	
2724.8939	0.434032003867	0.43403200377	9.67870783519e-11	
2724.8969	0.478985220583	0.478985220507	7.58444418381e-11	
2724.8999	0.513199273407	0.513199273356	5.14477349611e-11	
2724.90288	0.534624550171	0.534624550143	2.75202083344e-11	
2724.90588	0.54228299825	0.542282998252	-2.23754348383e-12	
2724.90887	0.535521703004	0.535521703033	-2.91582313849e-11	
2724.91186	0.514673436413	0.514673436468	-5.54586376822e-11	
2724.91485	0.480797257691	0.480797257773	-8.17710898993e-11	
2724.91784	0.435666458078	0.435666458178	-1.00110919554e-10	
2724.92082	0.381855639754	0.38185563987	-1.16455178834e-10	
2724.92382	0.321636609173	0.3216366093	-1.27327093313e-10	
2724.9268	0.258943172617	0.258943172754	-1.37158673308e-10	
2724.92978	0.196612901246	0.196612901379	-1.33107858069e-10	
2724.93278	0.137411794344	0.137411794475	-1.30838451184e-10	
2724.93576	0.0850258002957	0.0850258004158	-1.20086190991e-10	
2724.93875	0.0413729221509	0.0413729222539	-1.03020862674e-10	
2724.94174	0.00856166007423	0.00856166015857	-8.43396567862e-11	
2724.94474	-0.0121934509888	-0.0121934509288	-5.99747803504e-11	
2724.94782	-0.0202459790453	-0.0202459790068	-3.84547012289e-11	
2724.95082	-0.0153602992641	-0.0153602992535	-1.0574194298e-11	
2724.95381	0.00113740583563	0.0011374058251	1.05319119311e-11	
2724.9568	0.027783295605	0.0277832955718	3.320160466e-11	
2725.76393	-0.0159780146967	-0.0159780147411	4.43549814932e-11	
2725.76694	-0.0015937492191	-0.00159374928051	6.14069979761e-11	
2725.76991	0.0249170476242	0.0249170475452	7.90385569494e-11	
2725.77289	0.0629367507648	0.0629367506718	9.30332755278e-11	
2725.77587	0.110839391517	0.11083939141	1.06723824222e-10	
2725.77885	0.166459568103	0.166459567987	1.15637333042e-10	
2725.78182	0.226926432776	0.226926432658	1.17818615974e-10	
2725.7848	0.289642891011	0.289642890896	1.1544531997e-10	
2725.7878	0.351621242572	0.351621242468	1.04137254375e-10	
2725.79077	0.408647287159	0.408647287065	9.37625532771e-11	
2725.79375	0.458537725362	0.458537725281	8.10969069676e-11	
2725.79673	0.498464516656	0.498464516596	5.99161276149e-11	
2725.79971	0.526326965967	0.526326965927	3.99417166008e-11	
2725.8027	0.540700142632	0.540700142614	1.76331171886e-11	
2725.80569	0.540750920459	0.540750920466	-6.50690612503e-12	
2725.80867	0.52661921476	0.52661921479	-2.99820168692e-11	
2725.81168	0.498829627215	0.498829627267	-5.20590237585e-11	
2725.81467	0.459357763023	0.459357763092	-6.86438683672e-11	
2725.81766	0.4102625939	0.410262593984	-8.39185387846e-11	
2725.82064	0.354426860579	0.354426860675	-9.58103041349e-11	
2725.82364	0.294272173615	0.294272173719	-1.04325770245e-10	
2725.82664	0.233332526218	0.23333252633	-1.11931991453e-10	
2725.82964	0.174738543365	0.174738543472	-1.0716610932e-10	
2725.83261	0.121887998219	0.121887998323	-1.04313918614e-10	
2725.8356	0.076335242407	0.0763352425006	-9.359742148e-11	
2725.83857	0.0406221535647	0.0406221536462	-8.14744660627e-11	
2725.84156	0.015606115355	0.0156061154248	-6.98293003282e-11	
2725.84455	0.00223971159197	0.00223971163863	-4.66580168598e-11	
2725.84756	0.000548679689494	0.000548679716652	-2.71578453085e-11	
2725.85055	0.00990487597763	0.00990487598389	-6.25889444439e-12	
2725.85356	0.0291979607868	0.0291979607751	1.17258945609e-11	
2725.85655	0.0564826624856	0.0564826624606	2.49902668004e-11	
2725.85953	0.0897296086429	0.0897296086018	4.11451567262e-11	
2725.86251	0.126853900747	0.126853900694	5.31465704778e-11	
2725.86551	0.165926156332	0.165926156262	7.01530222802e-11	
2725.8685	0.204464765678	0.204464765601	7.65193186592e-11	
2725.87148	0.240631009191	0.240631009108	8.25014778716e-11	
2725.87446	0.273064262477	0.273064262396	8.09423639225e-11	
2725.87749	0.301101349796	0.301101349716	7.95735144443e-11	
2725.88049	0.323303666411	0.323303666328	8.30834290255e-11	
2725.88349	0.339784542658	0.339784542583	7.45320472006e-11	
2725.88649	0.350770120904	0.350770120836	6.76271261213e-11	
2725.88947	0.356808833075	0.356808833016	5.86847237471e-11	
2725.89245	0.35880521794	0.358805217891	4.85088635926e-11	
2725.89543	0.35771888262	0.357718882582	3.78331810325e-11	
2725.89841	0.354546515771	0.354546515745	2.59131049951e-11	
2725.90139	0.350216813093	0.350216813079	1.39557254641e-11	
2725.90439	0.345466479412	0.345466479409	3.48815420992e-12	
2725.90736	0.340911565694	0.340911565703	-8.87118156712e-12	
2725.91038	0.336692667401	0.336692667422	-2.05173655843e-11	
2725.91337	0.332884645776	0.332884645808	-3.23037707695e-11	
2725.91637	0.329105457459	0.329105457502	-4.31631397291e-11	
2725.91937	0.324799797226	0.324799797275	-4.86531370747e-11	
2725.92236	0.319251999903	0.319251999968	-6.52187748251e-11	
2725.92535	0.311643300227	0.311643300295	-6.7797323311e-11	
2725.92834	0.301194703568	0.301194703642	-7.35467242663e-11	
2725.93135	0.287152427153	0.287152427226	-7.3197170547e-11	
2725.93434	0.26928294821	0.26928294829	-7.96911425738e-11	
2725.93736	0.247160183498	0.247160183579	-8.06318345425e-11	
2725.94034	0.22158270926	0.221582709337	-7.68514141214e-11	
2725.94631	0.16217519842	0.162175198478	-5.78064263124e-11	
2725.95227	0.100636440475	0.100636440513	-3.77689823861e-11	
2725.95531	0.0727622993297	0.072762299348	-1.83226628314e-11	
2725.95831	0.0501571280688	0.0501571280696	-7.96564203487e-13	
2725.96129	0.0343541736752	0.0343541736597	1.55406798541e-11	
2725.96427	0.0267675948309	0.0267675947955	3.54071078013e-11	
2725.96725	0.0286257519372	0.0286257518874	4.97632594854e-11	
2726.74644	0.024950212336	0.0249502123612	-2.51656855077e-11	
2726.74942	0.034345677246	0.0343456772568	-1.07956282802e-11	
2726.75241	0.0519041786014	0.0519041785982	3.20508203311e-12	
2726.75541	0.0760364795134	0.0760364794968	1.65826935516e-11	
2726.75839	0.104602313376	0.104602313348	2.75621192536e-11	
2726.76139	0.136035055273	0.136035055234	3.88919452199e-11	
2726.76436	0.16794419184	0.167944191792	4.80082085197e-11	
2726.76734	0.199086696378	0.199086696324	5.36138355933e-11	
2726.77035	0.228252086858	0.228252086802	5.62095092693e-11	
2726.77333	0.253829689761	0.253829689696	6.45672404431e-11	
2726.77634	0.275695061296	0.27569506123	6.63673560553e-11	
2726.77931	0.293130190876	0.293130190813	6.28241902945e-11	
2726.78229	0.306627771244	0.306627771188	5.58618706847e-11	
2726.78529	0.316619819754	0.316619819697	5.6724180908e-11	
2726.78828	0.323661066166	0.323661066115	5.09624564771e-11	
2726.79127	0.32858834832	0.32858834827	4.96802599059e-11	
2726.79426	0.332220528658	0.33222052862	3.81262243998e-11	
2726.79724	0.335285434681	0.335285434651	2.98575608682e-11	
2726.80022	0.338358735643	0.338358735621	2.19489981745e-11	
2726.8032	0.341765046857	0.341765046844	1.27020616247e-11	
2726.84303	0.186368116571	0.186368116635	-6.36134478427e-11	
2726.84602	0.14806893113	0.148068931184	-5.36082012115e-11	
2726.84902	0.110132454393	0.110132454438	-4.52986814725e-11	
2726.85199	0.0751725811627	0.0751725811966	-3.39255151749e-11	
2726.85796	0.0213416812269	0.0213416812332	-6.29456556323e-12	
2726.86095	0.006591389628	0.00659138961318	1.4818248191e-11	
2726.86394	0.00209816422914	0.0020981642042	2.49352222897e-11	
2726.86694	0.0088877005695	0.00888770052917	4.03330684823e-11	
2726.8699	0.0270569530351	0.0270569529806	5.4462184762e-11	
2726.87289	0.0567067461009	0.0567067460298	7.10628639267e-11	
2726.87588	0.0967650221472	0.0967650220716	7.55748796877e-11	
2726.87887	0.145635075945	0.145635075857	8.82134365554e-11	
2726.88186	0.201139817755	0.201139817667	8.75616801288e-11	
2726.88484	0.260429730868	0.260429730776	9.19231357699e-11	
2726.88786	0.321540236798	0.321540236714	8.42670933032e-11	
2726.89084	0.379719938381	0.379719938304	7.74686426119e-11	
2726.89382	0.432708389363	0.432708389297	6.59496346422e-11	
2726.92077	0.382816332372	0.382816332448	-7.62039875646e-11	
2726.92375	0.323087446293	0.323087446373	-7.97608645797e-11	
2726.92675	0.260001082258	0.260001082346	-8.80612804899e-11	
2726.92973	0.197638317139	0.197638317227	-8.78778438906e-11	
2726.93271	0.13872989964	0.138729899729	-8.86238027409e-11	
2726.93572	0.0856752206476	0.0856752207248	-7.72453767617e-11	
2726.93872	0.04175975626	0.0417597563258	-6.58030990808e-11	
2726.9417	0.00892276659113	0.00892276664549	-5.43593694363e-11	
2726.9447	-0.0120001006411	-0.0120001006002	-4.09038029142e-11	
2726.9477	-0.0201837633106	-0.0201837632869	-2.36815740629e-11	
2726.95068	-0.0158574440305	-0.015857444023	-7.51522108433e-12	
2726.95366	5.36451132892e-05	5.36451049465e-05	8.3427407574e-12	
2726.96268	0.101999709574	0.10199970953	4.41749692381e-11	
2727.65661	0.112880426191	0.112880426178	1.2728207377e-11	
2727.65958	0.136964925293	0.136964925272	2.12300454994e-11	
2727.67153	0.226900855913	0.226900855871	4.22017143453e-11	
2727.67806	0.260210653341	0.260210653295	4.62274662993e-11	
2727.68105	0.271706123187	0.271706123145	4.18106660405e-11	
2727.68704	0.290603204199	0.290603204156	4.26237933837e-11	
2727.69002	0.299342910004	0.299342909964	4.01350619406e-11	
2727.69598	0.318380191151	0.31838019112	3.08526537651e-11	
2727.69896	0.329235420838	0.329235420814	2.43379205678e-11	
2727.70195	0.340929904858	0.340929904841	1.73904779466e-11	
2727.70492	0.352893658284	0.352893658274	9.82269821037e-12	
2727.7079	0.364508456422	0.36450845642	1.85906845473e-12	
2727.71087	0.374725794816	0.37472579482	-4.420519506e-12	
2727.71387	0.382517827763	0.38251782778	-1.73411840443e-11	
2727.71685	0.38652982386	0.386529823888	-2.82017187381e-11	
2727.71982	0.38567397575	0.385673975782	-3.22448179269e-11	
2727.72281	0.378912352222	0.378912352259	-3.65524832624e-11	
2727.72987	0.33594947636	0.33594947641	-5.00540164872e-11	
2727.73285	0.306289790693	0.30628979075	-5.73601166565e-11	
2727.73582	0.270758840274	0.270758840332	-5.84992054797e-11	
2727.73881	0.230204293732	0.230204293786	-5.35007871338e-11	
2727.74179	0.18668965713	0.186689657185	-5.46394596235e-11	
2727.74476	0.142280414428	0.142280414474	-4.623304517e-11	
2727.74774	0.0989731362964	0.0989731363358	-3.94013710547e-11	
2727.75075	0.0589690732263	0.0589690732568	-3.04867520118e-11	
2727.75373	0.0254805167207	0.0254805167367	-1.59735454031e-11	
2727.75672	0.000223938045353	0.000223938053701	-8.34839047393e-12	
2727.7597	-0.0147621912869	-0.0147621912923	5.40453619358e-12	
2727.76273	-0.0181461738479	-0.0181461738695	2.16095370764e-11	
2727.76573	-0.0089126298775	-0.00891262990691	2.9408373306e-11	
2727.76871	0.0127728779022	0.0127728778579	4.42891869012e-11	
2727.77169	0.0463360486446	0.0463360485937	5.08757896922e-11	
2727.77468	0.0906512701081	0.090651270047	6.10528433365e-11	
2727.77766	0.143484028387	0.143484028326	6.12661865684e-11	
2727.78064	0.202486208809	0.202486208741	6.84353129721e-11	
2727.78364	0.265187632382	0.265187632314	6.80471234915e-11	
2727.78668	0.328826500511	0.328826500442	6.92871870989e-11	
2727.78967	0.388224459069	0.388224459009	5.99944538493e-11	
2727.79265	0.441152242845	0.441152242793	5.1876780649e-11	
2727.79564	0.485161791016	0.485161790975	4.11168321612e-11	
2727.79864	0.517817189876	0.517817189845	3.10514947088e-11	
2727.80162	0.537139929481	0.537139929465	1.56585855393e-11	
2727.8046	0.542404039802	0.5424040398	2.11475281731e-12	
2727.80759	0.533339712872	0.533339712883	-1.10981224211e-11	
2727.81058	0.510474303679	0.510474303704	-2.53091991809e-11	
2727.81357	0.475126856028	0.475126856067	-3.94061450137e-11	
2727.81656	0.429282076778	0.429282076821	-4.29538071778e-11	
2727.81958	0.374895151903	0.374895151959	-5.56154011733e-11	
2727.82257	0.31598322265	0.315983222715	-6.48717746188e-11	
2727.82555	0.255363994418	0.255363994482	-6.36963815026e-11	
2727.82855	0.195566517594	0.195566517658	-6.36878327853e-11	
2727.83154	0.140173132048	0.140173132109	-6.10223260811e-11	
2727.83452	0.0917677276125	0.0917677276688	-5.63173535584e-11	
2727.83751	0.0521807156651	0.0521807157144	-4.93165161486e-11	
2727.8405	0.0231622515224	0.023162251563	-4.05545111382e-11	
2727.84347	0.00570941739057	0.00570941742335	-3.27780736581e-11	
2727.84649	-0.000174395566315	-0.000174395546688	-1.96265477557e-11	
2727.84948	0.005358636347	0.00535863635704	-1.00385724039e-11	
2727.85247	0.0211661878689	0.0211661878664	2.51780887806e-12	
2727.85546	0.0457205228533	0.0457205228404	1.29369570612e-11	
2727.85848	0.0774593390431	0.0774593390207	2.23571855473e-11	
2727.86147	0.113595342789	0.113595342759	3.04456598821e-11	
2727.86445	0.152062142246	0.152062142206	4.01512711967e-11	
2727.86747	0.191356389055	0.191356389012	4.30200319812e-11	
2727.87046	0.22860507936	0.228605079314	4.57188176206e-11	
2727.87344	0.26245948485	0.262459484802	4.75754435847e-11	
2727.87644	0.292000574161	0.292000574112	4.93515783795e-11	
2727.87944	0.316183244923	0.316183244877	4.57057169889e-11	
2727.88244	0.334661049421	0.334661049373	4.76037542718e-11	
2727.88544	0.347520738405	0.347520738365	4.01614297374e-11	
2727.88842	0.355188341495	0.355188341463	3.15961701247e-11	
2727.8914	0.358504761511	0.358504761481	3.00187652513e-11	
2727.89438	0.358390499632	0.358390499607	2.48090437083e-11	
2727.89736	0.355841562605	0.355841562589	1.57979185289e-11	
2727.90335	0.347118202562	0.347118202556	5.83516568398e-12	
2727.90634	0.342437271876	0.342437271877	-8.36386515601e-13	
2727.90933	0.338108520786	0.338108520794	-7.82168774194e-12	
2727.91233	0.334182291718	0.334182291732	-1.42751366283e-11	
2727.91532	0.330454575374	0.330454575394	-2.02254879511e-11	
2727.9183	0.326439587555	0.326439587581	-2.60941268593e-11	
2727.9213	0.321412473367	0.321412473403	-3.5884295535e-11	
2727.92429	0.31462714239	0.314627142422	-3.20379833774e-11	
2727.92728	0.305268410134	0.305268410174	-3.99295041476e-11	
2727.9303	0.29248492	0.292484920044	-4.38791780688e-11	
2727.93329	0.27601739799	0.276017398038	-4.79809525444e-11	
2729.64441	0.0511851753454	0.0511851753524	-6.99093560819e-12	
2729.64739	0.057385709	0.0573857090013	-1.30342264759e-12	
2729.65037	0.0703839923327	0.0703839923314	1.26797183864e-12	
2729.65336	0.0887590756449	0.0887590756454	-5.49602030553e-13	
2729.65634	0.110761587301	0.110761587299	2.13465356502e-12	
2729.65932	0.134819593791	0.134819593786	4.71661598667e-12	
2729.67674	0.254463284146	0.254463284133	1.29016242134e-11	
2729.67974	0.266906232135	0.266906232121	1.35202404827e-11	
2729.68271	0.277350708969	0.27735070895	1.87837523313e-11	
2729.68568	0.286586184022	0.286586184007	1.47031276043e-11	
2729.68865	0.29530959348	0.295309593466	1.39430689217e-11	
2729.69162	0.304162827521	0.30416282751	1.0597411837e-11	
2729.69461	0.313708407735	0.313708407723	1.20158327732e-11	
2729.6976	0.324166476839	0.324166476828	1.06195052751e-11	
2729.70058	0.335493565135	0.335493565126	9.14923692363e-12	
2729.70357	0.347453336504	0.347453336495	8.79507577878e-12	
2729.70654	0.359313615259	0.359313615253	5.6110116553e-12	
2729.70953	0.370353495694	0.370353495692	1.99484873065e-12	
2729.7125	0.379352534913	0.379352534914	-1.05077058166e-12	
2729.71548	0.385223651254	0.385223651255	-1.48281387169e-12	
2729.71845	0.386739276188	0.386739276195	-7.33901828198e-12	
2729.72553	0.366992702791	0.366992702805	-1.37096445307e-11	
2729.72851	0.347270248006	0.347270248022	-1.55566670657e-11	
2729.73149	0.320626480675	0.320626480693	-1.81328840831e-11	
2729.73447	0.287581036169	0.287581036188	-1.85165216493e-11	
2729.73744	0.249284014972	0.249284014991	-1.93443872032e-11	
2729.74043	0.206808645816	0.206808645835	-1.88709603499e-11	
2729.74341	0.162453808137	0.162453808152	-1.50831569456e-11	
2729.74639	0.11828344269	0.118283442706	-1.59776220032e-11	
2729.74937	0.0766842912518	0.0766842912634	-1.16295584274e-11	
2729.75235	0.0400842751976	0.0400842752075	-9.91535326067e-12	
2729.75532	0.0108799686956	0.0108799687017	-6.05098436635e-12	
2729.7583	-0.00908906327614	-0.00908906327341	-2.73475513068e-12	
2729.76129	-0.0180958866323	-0.0180958866349	2.62901853065e-12	
2729.76426	-0.0150258624986	-0.0150258625057	7.09701221402e-12	
2729.76723	0.000464592737979	0.000464592730542	7.43669302571e-12	
2729.77021	0.0282473340166	0.0282473340014	1.5223978328e-11	
2729.7732	0.0674918513101	0.0674918512958	1.43111078543e-11	
2729.77621	0.116841344056	0.116841344035	2.10837597381e-11	
2729.77918	0.172982254522	0.172982254501	2.14261941522e-11	
2729.78218	0.23445627762	0.234456277597	2.34478825245e-11	
2729.78517	0.297416039666	0.297416039643	2.32671104605e-11	
2729.78815	0.358625987956	0.358625987934	2.22774576564e-11	
2729.79114	0.415298393127	0.415298393111	1.59240398645e-11	
2729.79414	0.464380615378	0.464380615361	1.6768475497e-11	
2729.79713	0.502944423964	0.502944423953	1.0556333585e-11	
2729.80012	0.529126884225	0.529126884216	8.73245920019e-12	
2729.8031	0.541543389049	0.541543389045	4.09527967093e-12	
2729.80608	0.539696252962	0.539696252962	-2.91100477057e-13	
2729.80906	0.523757686907	0.523757686911	-3.50386386572e-12	
2729.81203	0.494783032827	0.494783032836	-8.97981689008e-12	
2729.81501	0.454213416087	0.454213416099	-1.24664167878e-11	
2729.818	0.404186548091	0.404186548104	-1.27319821353e-11	
2729.82097	0.347946839238	0.347946839256	-1.80558346052e-11	
2729.82396	0.287753252566	0.287753252581	-1.51574863771e-11	
2729.82693	0.227517440331	0.227517440347	-1.63458968583e-11	
2729.82992	0.169495387197	0.169495387213	-1.59202373506e-11	
2729.83292	0.11677042835	0.11677042837	-1.96781618778e-11	
2729.8359	0.0722692377431	0.0722692377564	-1.33145577896e-11	
2729.83887	0.0376004014482	0.0376004014595	-1.13456397055e-11	
2729.84186	0.0137339371001	0.0137339371125	-1.23958204812e-11	
2729.84486	0.0015263691512	0.00152636916045	-9.24511509015e-12	
2729.84784	0.000973074523188	0.000973074529066	-5.87750410407e-12	
2729.85082	0.0112533113286	0.0112533113299	-1.30192731596e-12	
2729.85381	0.031195412923	0.0311954129221	9.04640945487e-13	
2729.85679	0.0589647229178	0.0589647229142	3.60252799814e-12	
2729.85978	0.0927257117728	0.0927257117672	5.58500468095e-12	
2729.86279	0.130462259294	0.130462259287	7.01352864674e-12	
2729.8658	0.169713629579	0.169713629571	8.27743429355e-12	
2729.86879	0.208109599268	0.208109599258	9.56734691471e-12	
2729.87179	0.244200957463	0.244200957449	1.37726219318e-11	
2729.87478	0.27627583337	0.276275833359	1.10413345134e-11	
2729.87777	0.303413803754	0.303413803743	1.09548481397e-11	
2729.88076	0.325020669095	0.325020669085	1.01946784348e-11	
2729.88373	0.340860004639	0.340860004629	9.92395055022e-12	
2729.88671	0.351373218027	0.351373218017	9.54691881105e-12	
2729.8897	0.357095223039	0.35709522303	9.02938834813e-12	
2729.89268	0.358818360689	0.358818360678	1.067085309e-11	
2729.89566	0.35753577422	0.357535774213	7.35461691548e-12	
2729.89864	0.354242536004	0.354242535998	6.29907237482e-12	
2729.90165	0.349811093966	0.349811093961	5.01410024611e-12	
2729.90464	0.345071885766	0.345071885762	3.86124465734e-12	
2729.90764	0.34050131766	0.340501317658	1.84963155903e-12	
2729.91062	0.336376064358	0.336376064358	3.48443496279e-13	
2729.91361	0.332586922505	0.332586922506	-1.19421139644e-12	
2729.9166	0.328802538796	0.328802538798	-2.44443354447e-12	
2729.91963	0.324378561358	0.324378561362	-4.49357218102e-12	
2729.92265	0.318617296287	0.318617296293	-5.9736660063e-12	
2729.92564	0.310765955567	0.310765955575	-7.50616235834e-12	
2729.92863	0.300004500091	0.3000045001	-8.85130857498e-12	
2729.93162	0.285703326496	0.285703326506	-1.01458286217e-11	
2729.93461	0.267470548116	0.267470548128	-1.20896626044e-11	
2729.93759	0.245312633577	0.24531263359	-1.25451871114e-11	
2729.94059	0.219285664918	0.219285664931	-1.2811918193e-11	
2729.94363	0.189824713627	0.18982471364	-1.30246646801e-11	
2729.9466	0.159132636202	0.159132636212	-9.73213176714e-12	
2729.94961	0.127555279584	0.127555279595	-1.10640663298e-11	
2729.9526	0.0974295242023	0.0974295242111	-8.82052764162e-12	
2729.95559	0.0704165590948	0.0704165591013	-6.51211029545e-12	
2730.64357	0.133986616965	0.133986616967	-1.94441684975e-12	
2730.64655	0.0862087692027	0.0862087692049	-2.15218121102e-12	
2730.64953	0.0433125560739	0.043312556076	-2.06909489542e-12	
2730.65252	0.00772999597065	0.00772999597616	-5.51001692189e-12	
2730.65845	-0.0322801448255	-0.0322801448203	-5.2409743212e-12	
2730.66144	-0.0340116285559	-0.0340116285547	-1.24452531614e-12	
2730.67639	0.143219740825	0.143219740821	4.24354995587e-12	
2730.67939	0.205142891819	0.205142891823	-4.47664127989e-12	
2730.68237	0.26914972033	0.269149720329	1.31439303885e-12	
2730.69723	0.51648506848	0.51648506848	-3.28403970684e-13	
2730.70024	0.534114914842	0.53411491484	1.69175784492e-12	
2730.70322	0.537495384221	0.53749538422	1.44506628885e-12	
2730.70621	0.5268571177	0.526857117698	1.88138393753e-12	
2730.7092	0.502975457586	0.502975457585	5.49560397189e-13	
2730.71222	0.466957003077	0.466957003072	4.68858285529e-12	
2730.71519	0.421986428319	0.421986428318	8.24673662692e-13	
2730.72224	0.292731573773	0.292731573771	1.8686718839e-12	
2730.72523	0.235541622025	0.235541622019	6.03800343058e-12	
2730.7282	0.181528038821	0.181528038818	3.21942472681e-12	
2730.73118	0.132695506207	0.132695506206	1.10420006472e-12	
2730.73417	0.0912535286899	0.0912535286849	5.03842800814e-12	
2730.73714	0.0591889272684	0.0591889272683	1.20792265079e-13	
2730.74012	0.0371447848769	0.0371447848773	-3.75616204806e-13	
2730.74311	0.025612259939	0.0256122599368	2.16236750727e-12	
2730.74609	0.0244424318278	0.0244424318293	-1.5221261751e-12	
2730.74908	0.0328367646161	0.0328367646164	-3.30506455537e-13	
2730.75206	0.0494793016464	0.0494793016479	-1.53157347915e-12	
2730.75504	0.0727699866136	0.072769986612	1.64621094534e-12	
2730.75802	0.100872268658	0.100872268657	8.02469202199e-13	
2730.761	0.131864886542	0.131864886544	-1.7411905251e-12	
2730.76398	0.163877812127	0.16387781213	-3.15622528113e-12	
2730.76697	0.195317582196	0.195317582202	-5.56493739978e-12	
2730.76995	0.224550446582	0.224550446588	-5.58617041513e-12	
2730.77293	0.25061397837	0.250613978376	-5.90238968812e-12	
2730.77592	0.272896481178	0.272896481184	-5.92637050545e-12	
2730.77891	0.291020142329	0.291020142333	-3.78908016074e-12	
2730.78189	0.305035344873	0.305035344882	-8.5527140925e-12	
2730.78488	0.315444125716	0.315444125719	-2.95452551313e-12	
2730.78787	0.322839189483	0.322839189485	-1.92201810023e-12	
2730.79088	0.328036212234	0.328036212235	-5.0359716397e-13	
2730.79386	0.331781673854	0.331781673854	4.37982983215e-14	
2730.79684	0.334883712935	0.334883712934	1.10100817352e-12	
2730.79985	0.337963100906	0.337963100903	2.73187028554e-12	
2730.80283	0.341319687233	0.341319687229	3.56892293496e-12	
2730.80582	0.345077241783	0.345077241778	4.66893190776e-12	
2730.8088	0.348996405743	0.348996405738	4.86638507269e-12	
2730.81177	0.352584088738	0.352584088733	5.19567722179e-12	
2730.81476	0.355141680753	0.355141680746	7.27490290231e-12	
2730.81773	0.355741412562	0.355741412556	5.52929924069e-12	
2730.82072	0.353413123925	0.353413123915	1.04287134484e-11	
2730.82371	0.347189297271	0.347189297265	5.55938628466e-12	
2730.82669	0.336297107576	0.336297107571	4.5943249205e-12	
2730.82967	0.320153079628	0.320153079619	8.52051762479e-12	
2730.83265	0.29851700642	0.298517006417	3.4308111907e-12	
2730.83564	0.271446518831	0.271446518829	2.33268959704e-12	
2730.83861	0.239830298056	0.23983029805	5.71140357231e-12	
2730.84159	0.204403599794	0.204403599793	1.43038358935e-12	
2730.84459	0.166450493449	0.166450493451	-2.24029128582e-12	
2730.84758	0.128147711391	0.128147711391	-4.91467977426e-13	
2730.85056	0.0915455581877	0.0915455581878	-1.01002539665e-13	
2730.85354	0.0586756704693	0.0586756704714	-2.06167721784e-12	
2730.85654	0.0315253993667	0.0315253993739	-7.20708215329e-12	
2730.85954	0.0123496814552	0.0123496814584	-3.19233181556e-12	
2730.8625	0.00290650405845	0.00290650406768	-9.22828393563e-12	
2730.86549	0.00415364192214	0.00415364192597	-3.82899528056e-12	
2730.86848	0.0169202359444	0.0169202359483	-3.92679638805e-12	
2730.87147	0.0412540563015	0.0412540563059	-4.38282743431e-12	
2730.87447	0.0766645969461	0.07666459695	-3.9205999558e-12	
2730.87746	0.121617184156	0.121617184164	-7.97080457193e-12	
2730.88044	0.17411081821	0.174110818213	-3.31384919505e-12	
2730.88343	0.232063782186	0.232063782189	-2.52067811068e-12	
2730.88645	0.293081877736	0.293081877738	-2.06734629415e-12	
2730.88945	0.353044516675	0.353044516677	-1.5958345756e-12	
2730.89248	0.4097135015	0.409713501501	-8.09463607254e-13	
2730.89547	0.458754333926	0.458754333929	-3.12111447798e-12	
2730.89846	0.498254843296	0.498254843296	1.13464793117e-13	
2730.90146	0.526072738965	0.526072738964	1.131650329e-12	
2730.90445	0.540423930016	0.540423930014	2.45103937146e-12	
2730.90743	0.540572490937	0.540572490934	3.35997896173e-12	
2730.9104	0.526564432929	0.526564432927	1.80699899488e-12	
2730.91337	0.499098237564	0.49909823756	4.04737354742e-12	
2730.91635	0.459426908211	0.459426908203	8.12261369276e-12	
2730.91934	0.409514405061	0.40951440506	7.90756349289e-13	
2730.92234	0.351909271964	0.351909271959	5.35799182799e-12	
2730.92531	0.290446209995	0.290446209989	6.02640159997e-12	
2730.92831	0.227113029291	0.227113029281	1.01171571121e-11	
2730.9313	0.165980910564	0.165980910554	1.00269237358e-11	
2730.9343	0.109724963896	0.109724963891	5.03591612855e-12	
2730.93728	0.0615843774701	0.0615843774618	8.25060159082e-12	
2730.94028	0.0231330200892	0.0231330200822	7.01863567265e-12	
2730.94327	-0.00359814561536	-0.00359814562079	5.42730747496e-12	
2730.94624	-0.0177990182068	-0.0177990182081	1.29844052177e-12	
2730.94923	-0.0194757841754	-0.0194757841772	1.75174805217e-12	
2730.95523	0.0126357790798	0.012635779082	-2.23042417868e-12	
2733.64193	0.0521030111401	0.0521030111018	3.82527690079e-11	
2733.64789	0.0591299477886	0.0591299477768	1.18191914589e-11	
2733.65087	0.0731280865622	0.0731280865572	4.97590857407e-12	
2733.68475	0.283781937702	0.283781937749	-4.66513494501e-11	
2733.68775	0.292679794183	0.292679794221	-3.848160679e-11	
2733.69073	0.301463038102	0.301463038135	-3.31169536238e-11	
2733.69372	0.310779238308	0.310779238341	-3.31764060668e-11	
2733.69669	0.32088131844	0.320881318462	-2.17750262266e-11	
2733.69966	0.331912882354	0.331912882371	-1.68813851786e-11	
2733.70265	0.34374129304	0.343741293049	-8.59873283687e-12	
2733.70562	0.355689648796	0.355689648794	1.9906853943e-12	
2733.71267	0.379784037451	0.379784037428	2.26971219597e-11	
2733.71566	0.38545036566	0.385450365632	2.84838264086e-11	
2733.71866	0.386653290755	0.386653290714	4.13783451947e-11	
2733.72164	0.382317396838	0.38231739679	4.8062276381e-11	
2733.72462	0.371617922885	0.371617922835	4.97623608986e-11	
2733.7276	0.354037820465	0.354037820407	5.77107250876e-11	
2733.73062	0.329099244599	0.32909924454	5.88042947669e-11	
2733.73361	0.297724642856	0.297724642796	6.03294081358e-11	
2733.73661	0.260448774879	0.260448774819	5.99291727355e-11	
2733.73959	0.219035566613	0.21903556656	5.28346255635e-11	
2733.74257	0.175037616243	0.175037616191	5.22860921226e-11	
2733.74555	0.130579188913	0.130579188868	4.45800341087e-11	
2733.74853	0.0880084648946	0.0880084648604	3.42235823014e-11	
2733.7515	0.0498757447515	0.0498757447308	2.07429906585e-11	
2733.75448	0.0182792991916	0.0182792991828	8.78156575235e-12	
2733.75747	-0.00456911149734	-0.00456911149745	1.08624914619e-13	
2733.76044	-0.0167341447207	-0.0167341447041	-1.66224603526e-11	
2733.76342	-0.0171470414198	-0.0171470413884	-3.13947860764e-11	
2733.76643	-0.00492904060222	-0.00492904056144	-4.07838849498e-11	
2733.76941	0.019626095087	0.0196260951381	-5.10533559872e-11	
2733.79044	0.402619233597	0.402619233659	-6.15279494021e-11	
2733.79342	0.453459652026	0.453459652077	-5.1293136405e-11	
2733.7964	0.494604035329	0.494604035371	-4.16129353198e-11	
2733.79937	0.523810063015	0.523810063038	-2.33441044273e-11	
2733.80236	0.539780898802	0.539780898812	-1.00156549721e-11	
2733.80535	0.541471664426	0.541471664421	5.23703302946e-12	
2733.80833	0.528927027018	0.528927026999	1.92936777665e-11	
2733.81131	0.502930462227	0.502930462194	3.30493410416e-11	
2733.81428	0.465104541659	0.46510454161	4.90397167319e-11	
2733.81726	0.417295296171	0.417295296111	5.96339644332e-11	
2733.82024	0.362216534313	0.362216534245	6.84629575254e-11	
2733.82322	0.302814159892	0.302814159819	7.34411420567e-11	
2733.82621	0.241994752586	0.24199475251	7.56820994763e-11	
2733.82922	0.182688777868	0.182688777791	7.67163277349e-11	
2733.83222	0.128443755499	0.128443755428	7.12732928232e-11	
2733.83521	0.0817665708208	0.0817665707576	6.32363050812e-11	
2733.8382	0.0445017573512	0.0445017572957	5.54903761829e-11	
2733.84117	0.0182160722393	0.0182160721901	4.92040054534e-11	
2733.84417	0.00328577313442	0.00328577310249	3.1928409569e-11	
2733.84715	0.000102209256096	0.000102209235253	2.08434683223e-11	
2733.85014	0.00801069446569	0.00801069445648	9.2105142957e-12	
2733.85316	0.0261205073091	0.0261205073129	-3.76227174415e-12	
2733.85615	0.0524337237136	0.0524337237347	-2.1060743427e-11	
2733.85914	0.0851106951407	0.0851106951726	-3.18791659737e-11	
2733.86212	0.121853036714	0.121853036755	-4.11932987721e-11	
2733.86512	0.160826679799	0.160826679848	-4.92047236289e-11	
2733.8681	0.199402454422	0.19940245448	-5.83932902032e-11	
2733.87109	0.236082059471	0.236082059529	-5.75418879212e-11	
2733.87406	0.268971261904	0.268971261968	-6.3608784906e-11	
2733.87705	0.297369610269	0.297369610333	-6.42932374006e-11	
2733.88005	0.320405680826	0.320405680886	-6.04015171213e-11	
2733.88304	0.33767259178	0.337672591831	-5.14519538086e-11	
2733.88605	0.34948390571	0.349483905755	-4.52376469617e-11	
2733.88904	0.356208297028	0.356208297074	-4.64821514612e-11	
2733.89203	0.358733459336	0.358733459374	-3.7990832702e-11	
2733.89503	0.358007549047	0.358007549076	-2.94934632272e-11	
2733.89802	0.355046174282	0.355046174299	-1.66807678781e-11	
2733.90103	0.350773839823	0.35077383983	-6.93139989849e-12	
2733.90401	0.346068512512	0.34606851251	1.94655402908e-12	
2733.907	0.341444585381	0.341444585368	1.28264066035e-11	
2733.90998	0.337225976567	0.337225976547	2.00020555674e-11	
2733.91298	0.333369400367	0.333369400338	2.94232971321e-11	
2733.91596	0.329638169781	0.329638169744	3.68510777449e-11	
2733.91894	0.325475981389	0.325475981341	4.76501060831e-11	
2733.92193	0.320157610973	0.320157610929	4.40593117546e-11	
2733.92492	0.312895029118	0.312895029066	5.22942245063e-11	
2733.9279	0.302937704853	0.302937704793	5.97585869677e-11	
2733.93089	0.289547494548	0.289547494487	6.05309691259e-11	
2733.93387	0.272359165945	0.27235916589	5.51976797603e-11	
2733.93686	0.25109917463	0.251099174575	5.50646195308e-11	
2733.93986	0.22593152369	0.225931523637	5.2597509681e-11	
2733.94287	0.197425809477	0.197425809431	4.63408755813e-11	
2733.94585	0.166988189069	0.16698818903	3.85167453487e-11	
2734.63559	0.26571678592	0.265716785839	8.12925837756e-11	
2734.63859	0.217466325076	0.217466324995	8.06351929672e-11	
2734.64156	0.167629023381	0.167629023311	7.03642422106e-11	
2734.64454	0.118061280279	0.118061280218	6.12877248951e-11	
2734.64752	0.0715828690813	0.0715828690325	4.87778428759e-11	
2734.6505	0.0308335780689	0.0308335780345	3.43580684736e-11	
2734.66851	0.0145432888025	0.0145432888685	-6.60093490285e-11	
2734.67149	0.0555442855242	0.0555442856023	-7.81488623813e-11	
2734.67447	0.106375637793	0.10637563788	-8.68311395008e-11	
2734.67745	0.164608681299	0.164608681396	-9.69869740075e-11	
2734.68044	0.227578385367	0.227578385462	-9.5099178532e-11	
2734.68341	0.291472410382	0.291472410475	-9.29478161105e-11	
2734.68639	0.353660147108	0.3536601472	-9.2211682734e-11	
2734.68938	0.410915556929	0.410915557008	-7.85585485552e-11	
2734.69235	0.459778991596	0.459778991662	-6.57295329276e-11	
2734.69532	0.498198376289	0.498198376343	-5.35959054915e-11	
2734.69831	0.524423847792	0.524423847826	-3.44858586132e-11	
2734.7013	0.536936347027	0.536936347042	-1.54950496878e-11	
2734.70427	0.535334850603	0.535334850597	5.70632430197e-12	
2734.71133	0.478696375328	0.478696375282	4.57384685681e-11	
2734.71432	0.435996563043	0.435996562979	6.36092289952e-11	
2734.7173	0.385670432223	0.38567043215	7.31577576296e-11	
2734.72028	0.330378155741	0.330378155654	8.70764571559e-11	
2734.72326	0.273078944848	0.273078944759	8.851647193e-11	
2734.72623	0.216909833664	0.216909833573	9.08979835845e-11	
2734.72922	0.16409108954	0.16409108945	9.02007357695e-11	
2734.83682	0.259401559976	0.259401559901	7.49685313828e-11	
2734.83981	0.22593845459	0.225938454519	7.103059807e-11	
2734.84279	0.189403206095	0.189403206031	6.36975472368e-11	
2734.84582	0.150638423472	0.150638423415	5.71458158571e-11	
2734.84881	0.112727628792	0.11272762875	4.18764467547e-11	
2734.85479	0.04651793501	0.0465179349976	1.23893117987e-11	
2734.85781	0.0223269271327	0.0223269271323	3.68545471918e-13	
2734.8608	0.00709753760207	0.00709753762281	-2.07425248852e-11	
2734.86377	0.00205893877153	0.00205893880534	-3.38136077298e-11	
2734.86676	0.00815102070151	0.008151020751	-4.94870932427e-11	
2734.86978	0.0260999752463	0.0260999753093	-6.30092852894e-11	
2734.87276	0.0551919761667	0.055191976245	-7.83404383031e-11	
2734.87576	0.094974920211	0.0949749202983	-8.73423555703e-11	
2734.88146	0.193421406502	0.193421406597	-9.54986922874e-11	
2734.88448	0.253152590947	0.253152591041	-9.35846955485e-11	
2734.88746	0.313500824461	0.31350082455	-8.92523277507e-11	
2734.89044	0.372146155715	0.372146155799	-8.37107050344e-11	
2734.89342	0.426004001152	0.42600400122	-6.80721035096e-11	
2734.89643	0.472593913194	0.472593913247	-5.32168753509e-11	
2734.89941	0.508434118174	0.50843411821	-3.63332697262e-11	
2734.90245	0.532361575718	0.532361575735	-1.69794178717e-11	
2734.90543	0.542052932332	0.542052932329	2.78910228246e-12	
2734.90843	0.537416245766	0.537416245743	2.30230279286e-11	
2734.91142	0.518592671503	0.518592671462	4.14179801567e-11	
2734.91443	0.486282971087	0.486282971027	5.96638294326e-11	
2734.91742	0.44260188249	0.442601882415	7.46531170215e-11	
2734.9204	0.389871421483	0.389871421393	8.97308893855e-11	
2734.92338	0.330728186854	0.330728186755	9.87812054376e-11	
2734.92637	0.268043002456	0.268043002352	1.04072639395e-10	
2734.92935	0.205462415591	0.205462415487	1.04052627625e-10	
2734.93234	0.145754642558	0.145754642462	9.63050750258e-11	
2734.93532	0.0922565172979	0.0922565172084	8.9530854952e-11	
2734.93831	0.0471555679806	0.0471555679016	7.89592835559e-11	
2734.9413	0.0126530692666	0.012653069201	6.55924672216e-11	
2734.9443	-0.009941526738	-0.00994152679048	5.24816579084e-11	
2735.63662	0.0748766483793	0.0748766482961	8.31973379078e-11	
2735.66355	0.1695876511	0.169587651157	-5.72095426588e-11	
2735.66653	0.192819192379	0.192819192447	-6.78183342817e-11	
2735.66951	0.213991498728	0.213991498807	-7.87573617433e-11	
2735.6725	0.232656667411	0.232656667492	-8.06922584307e-11	
2735.67549	0.248584941249	0.248584941337	-8.78712658192e-11	
2735.67848	0.261946502163	0.261946502247	-8.36427593853e-11	
2735.68147	0.273176696412	0.273176696498	-8.57041104751e-11	
2735.68444	0.28283241848	0.282832418557	-7.68690111563e-11	
2735.68742	0.291715455119	0.291715455194	-7.47867878736e-11	
2735.6905	0.300773334093	0.300773334156	-6.32895957864e-11	
2735.69351	0.310099658197	0.31009965825	-5.29352672807e-11	
2735.6965	0.320206633875	0.320206633919	-4.42244574295e-11	
2735.69949	0.331258679882	0.331258679913	-3.12793124735e-11	
2735.70247	0.343016856219	0.343016856236	-1.70166658542e-11	
2735.70952	0.370319239382	0.370319239364	1.7823409415e-11	
2735.71252	0.379403838313	0.37940383828	3.28850835452e-11	
2735.71549	0.385236666959	0.385236666912	4.669570286e-11	
2735.71848	0.386728661842	0.386728661779	6.31287244701e-11	
2735.7215	0.382658038949	0.382658038874	7.48958117747e-11	
2735.72448	0.372272048119	0.372272048038	8.11701816872e-11	
2735.72746	0.355020981271	0.355020981178	9.30470145377e-11	
2735.73043	0.330874823169	0.330874823071	9.81530967614e-11	
2735.73342	0.299901823962	0.299901823862	9.98470750524e-11	
2735.73638	0.263483663852	0.263483663754	9.8107799662e-11	
2735.73936	0.222349096881	0.222349096788	9.32122434794e-11	
2735.74232	0.17877775706	0.178777756976	8.44745939865e-11	
2735.74531	0.134122087768	0.134122087695	7.25817461689e-11	
2735.7483	0.0911713629808	0.0911713629229	5.79340880824e-11	
2735.75128	0.0525008256965	0.0525008256562	4.02885017015e-11	
2735.75428	0.0201461990638	0.0201461990436	2.02116171022e-11	
2735.75725	-0.00323170522451	-0.00323170522382	-6.91604325892e-13	
2735.76025	-0.0162970183818	-0.0162970183592	-2.26143097304e-11	
2735.76874	0.0130531705722	0.0130531706522	-7.99848780958e-11	
2735.77171	0.0465988934099	0.0465988935017	-9.18174355991e-11	
2735.77469	0.0908153457064	0.0908153458145	-1.08137193644e-10	
2735.77768	0.143862490735	0.143862490851	-1.16000542505e-10	
2735.78065	0.20269142707	0.20269142719	-1.20286530736e-10	
2735.78365	0.265398650661	0.26539865078	-1.19079857086e-10	
2735.78666	0.328414872733	0.328414872846	-1.12918452366e-10	
2735.78964	0.387654792874	0.38765479298	-1.06325059868e-10	
2735.79263	0.440824295342	0.440824295429	-8.72696359622e-11	
2735.79564	0.485161791016	0.485161791084	-6.80973055722e-11	
2735.79863	0.517729579214	0.517729579261	-4.65154581519e-11	
2735.8016	0.537056426463	0.537056426487	-2.43504105768e-11	
2735.80458	0.542416485287	0.542416485285	1.77036163507e-12	
2735.80755	0.533554181366	0.533554181341	2.52334819706e-11	
2735.81052	0.511061448057	0.511061448006	5.06744646245e-11	
2735.81351	0.475947006039	0.475947005969	6.99126867509e-11	
2735.81651	0.430121912147	0.430121912058	8.91226537014e-11	
2735.81952	0.376036055795	0.376036055692	1.03113462213e-10	
2735.8225	0.317396619115	0.317396619001	1.1356715568e-10	
2735.82549	0.256582855063	0.25658285494	1.23056120849e-10	
2735.82847	0.197118973513	0.197118973393	1.20076892873e-10	
2735.83149	0.141049974938	0.141049974822	1.15776582765e-10	
2735.83448	0.0923624925601	0.0923624924529	1.0724063304e-10	
2735.83745	0.052875404057	0.0528754039582	9.87883663761e-11	
2735.84043	0.023712566746	0.0237125666671	7.89028946346e-11	
2735.84343	0.005867398763	0.00586739870274	6.02589584134e-11	
2735.84641	-0.000170510821792	-0.000170510861763	3.99706183137e-11	
2735.8494	0.00507104723445	0.00507104721418	2.02678603067e-11	
2735.85239	0.020621601735	0.0206216017377	-2.66934391258e-12	
2735.85538	0.044965333993	0.0449653340162	-2.31858976463e-11	
2735.85836	0.0760920256445	0.0760920256867	-4.21816193086e-11	
2735.86136	0.112208744692	0.112208744753	-6.07113109785e-11	
2735.86434	0.150624002931	0.150624003004	-7.32228444544e-11	
2735.86733	0.189557655004	0.189557655088	-8.41021974285e-11	
2735.87031	0.226802613961	0.226802614052	-9.14475717373e-11	
2735.87332	0.26117621493	0.261176215026	-9.64202606646e-11	
2735.8763	0.290736686392	0.290736686489	-9.70037383752e-11	
2735.87928	0.315036392081	0.315036392176	-9.48205958196e-11	
2735.88226	0.333713633515	0.333713633604	-8.91711149364e-11	
2735.88526	0.346900760051	0.346900760137	-8.56873461075e-11	
2735.88826	0.354894757357	0.354894757428	-7.14144854363e-11	
2735.89125	0.358428018566	0.358428018625	-5.91602322686e-11	
2735.89423	0.358462821203	0.358462821249	-4.62759830455e-11	
2735.89721	0.356012704016	0.35601270405	-3.3709091074e-11	
2735.9002	0.352030885	0.352030885018	-1.80176984443e-11	
2735.90319	0.347372987472	0.347372987473	-6.75515199333e-13	
2735.90618	0.342680771339	0.342680771326	1.33937305691e-11	
2735.90917	0.338328908242	0.338328908213	2.87796453335e-11	
2735.91214	0.334421572202	0.334421572161	4.06735756187e-11	
2735.91512	0.330706735932	0.330706735876	5.57640600363e-11	
2735.9181	0.3267312392	0.326731239132	6.76534939181e-11	
2735.92109	0.321812899392	0.321812899314	7.77282682662e-11	
2735.92705	0.306096695672	0.306096695586	8.63299431941e-11	
2735.93007	0.293589595866	0.29358959578	8.57192650194e-11	
2735.93305	0.277486599322	0.277486599231	9.14357478621e-11	
2735.93606	0.257176890595	0.257176890504	9.13835118688e-11	
2735.93904	0.233165234877	0.233165234795	8.18511369793e-11	
2735.94202	0.20575437189	0.205754371814	7.55287776766e-11	
2736.63075	0.33356232807	0.333562327952	1.17601706151e-10	
2736.63372	0.293716587141	0.293716587018	1.23345444969e-10	
2736.63671	0.248099609882	0.248099609759	1.22784449275e-10	
2736.63972	0.198616608967	0.198616608852	1.15428278047e-10	
2736.64272	0.148137956625	0.148137956521	1.03530295448e-10	
2736.6627	-0.0307531758365	-0.0307531757858	-5.06715329418e-11	
2736.66569	-0.0135268030682	-0.0135268029902	-7.80278567453e-11	
2736.66869	0.0167039025001	0.0167039026006	-1.00528928931e-10	
2736.67167	0.0583574316781	0.0583574317974	-1.19277858424e-10	
2736.67464	0.109524077115	0.109524077244	-1.29384877812e-10	
2736.67887	0.194137858944	0.194137859084	-1.39670053301e-10	
2736.68185	0.257944027448	0.257944027588	-1.40085998357e-10	
2736.68482	0.321335692977	0.321335693116	-1.39004252553e-10	
2736.6878	0.381490142243	0.381490142371	-1.27670707339e-10	
2736.69078	0.435106081895	0.435106082007	-1.11827769267e-10	
2736.69375	0.47932012032	0.47932012041	-9.03630503757e-11	
2736.69673	0.512213838918	0.512213838984	-6.56886767203e-11	
2736.69972	0.532079289971	0.532079290009	-3.8297365279e-11	
2736.70677	0.523355661501	0.523355661472	2.91050517021e-11	
2736.7098	0.496710324292	0.496710324235	5.71706570973e-11	
2736.71278	0.459129565311	0.459129565229	8.17934608932e-11	
2736.71576	0.412480031144	0.412480031039	1.04957542657e-10	
2736.71874	0.359391361787	0.359391361668	1.18840437491e-10	
2736.72172	0.302756039943	0.302756039812	1.30695620992e-10	
2736.72471	0.245362717437	0.2453627173	1.36652855698e-10	
2736.72769	0.190489813233	0.190489813096	1.37042877046e-10	
2736.73068	0.140416427846	0.140416427716	1.3030204693e-10	
2736.73365	0.0978386314347	0.097838631312	1.22676521719e-10	
2736.73663	0.0639984232484	0.0639984231397	1.08684491962e-10	
2736.73962	0.0401108547797	0.0401108546867	9.29621102319e-11	
2736.74259	0.0268585466313	0.0268585465608	7.05048554261e-11	
2736.74557	0.0239320318262	0.0239320317755	5.07056792387e-11	
2736.74854	0.0306629366421	0.0306629366172	2.49496014126e-11	
2736.75152	0.045919464551	0.0459194645493	1.66373165245e-12	
2736.75451	0.0682212845083	0.0682212845292	-2.09154360498e-11	
2736.7575	0.0957060890233	0.095706089066	-4.26552404509e-11	
2736.76049	0.12643821322	0.126438213281	-6.10851091931e-11	
2736.76348	0.158510539707	0.158510539786	-7.88583365274e-11	
2736.76646	0.190069028842	0.190069028934	-9.2462759671e-11	
2736.76945	0.219842531377	0.219842531476	-9.90441340054e-11	
2736.77243	0.246496134467	0.246496134571	-1.04047048755e-10	
2736.77548	0.269875970011	0.269875970118	-1.07166442387e-10	
2736.77848	0.288670100466	0.288670100572	-1.05556841046e-10	
2736.78149	0.303377062422	0.303377062529	-1.0680784035e-10	
2736.78449	0.314273021871	0.314273021965	-9.44973543859e-11	
2736.78747	0.321996968984	0.321996969074	-9.00469698806e-11	
2736.79046	0.327415034791	0.327415034866	-7.45054573592e-11	
2736.79346	0.331331462576	0.331331462637	-6.10634320886e-11	
2736.79644	0.334481352356	0.334481352402	-4.58303395234e-11	
2736.79942	0.337509676467	0.337509676499	-3.22139537268e-11	
2736.8024	0.340810100813	0.340810100827	-1.41288647448e-11	
2736.80539	0.344517818782	0.344517818779	3.30258043135e-12	
2736.80838	0.348449281231	0.34844928121	2.0556889524e-11	
2736.81135	0.352121139021	0.352121138983	3.79206110956e-11	
2736.81435	0.354885497566	0.354885497513	5.27696775166e-11	
2736.81734	0.355807168756	0.355807168686	7.03149760639e-11	
2736.82032	0.353930311429	0.353930311345	8.37857561109e-11	
2736.8233	0.348305333854	0.348305333758	9.56518753092e-11	
2736.82629	0.338054816174	0.338054816073	1.00728148045e-10	
2736.82928	0.322576826141	0.322576826029	1.11662790125e-10	
2736.83225	0.301738995323	0.301738995208	1.15003340184e-10	
2736.83525	0.275265403613	0.275265403498	1.14647347171e-10	
2736.83824	0.243995030382	0.243995030276	1.06457398452e-10	
2736.84122	0.208958621735	0.208958621637	9.7941876831e-11	
2736.84421	0.171325051255	0.171325051165	9.02090901977e-11	
2736.8472	0.132972459678	0.132972459603	7.50493833745e-11	
2736.85018	0.0960509396116	0.0960509395556	5.60391455462e-11	
2736.85317	0.0624800436083	0.0624800435742	3.40987307834e-11	
2736.85614	0.0347261498473	0.034726149836	1.13213050046e-11	
2736.85912	0.0144864693231	0.0144864693352	-1.21249330021e-11	
2736.86209	0.00360277429368	0.00360277433192	-3.82377046693e-11	
2736.86508	0.00331008112835	0.00331008119104	-6.26923964131e-11	
2736.86806	0.0144226354643	0.0144226355464	-8.21200364653e-11	
2736.87104	0.0370588308163	0.0370588309218	-1.05537661943e-10	
2736.87404	0.0709554081887	0.0709554083109	-1.22218360432e-10	
2736.87701	0.114304304105	0.11430430424	-1.34630473436e-10	
2736.88001	0.166149648489	0.166149648626	-1.36651412408e-10	
2736.88299	0.223309844034	0.223309844177	-1.43140888031e-10	
2736.88598	0.283547427183	0.283547427322	-1.38956457452e-10	
2736.88897	0.343625777185	0.343625777315	-1.29558475059e-10	
2736.89196	0.40040420372	0.40040420383	-1.10316200619e-10	
2736.89495	0.450840403213	0.450840403307	-9.38032429509e-11	
2736.89796	0.49241486529	0.492414865359	-6.89032164658e-11	
2736.90095	0.522256476671	0.522256476712	-4.13846734659e-11	
2736.90394	0.538967924882	0.538967924894	-1.23362431381e-11	
2736.90693	0.541548009105	0.541548009088	1.69263492111e-11	
2736.90992	0.529766919255	0.529766919208	4.68904914896e-11	
2736.91292	0.504077135951	0.504077135873	7.75651765039e-11	
2736.91592	0.465827729753	0.465827729654	9.94024862422e-11	
2736.91893	0.416865672672	0.416865672552	1.19991794278e-10	
2736.92193	0.360118076737	0.360118076601	1.36077593638e-10	
2736.92491	0.298867001442	0.298867001296	1.45607303992e-10	
2736.92792	0.235301724883	0.235301724734	1.49042500563e-10	
2736.9309	0.173930583393	0.173930583245	1.4761070144e-10	
2736.93388	0.11718767425	0.117187674111	1.38695568919e-10	
2736.93692	0.066911953714	0.0669119535888	1.25213964197e-10	
2737.65597	0.107885506331	0.107885506364	-3.26762367164e-11	
2737.65952	0.136469541339	0.136469541396	-5.70474500972e-11	
2737.66308	0.165787243455	0.165787243532	-7.70251640247e-11	
2737.66664	0.193641510824	0.193641510922	-9.80225345337e-11	
2737.6702	0.218539278233	0.218539278342	-1.08774628194e-10	
2737.67376	0.239699616027	0.239699616145	-1.18091592061e-10	
2737.67834	0.261372666687	0.261372666808	-1.20545462501e-10	
2737.68192	0.274719077664	0.274719077786	-1.21965160194e-10	
2737.68549	0.286018016183	0.286018016292	-1.09370734691e-10	
2737.68906	0.296510928245	0.296510928339	-9.40086342105e-11	
2737.69263	0.307297099466	0.307297099548	-8.21074319646e-11	
2737.69619	0.319114250424	0.319114250485	-6.12264128286e-11	
2737.70385	0.348584104396	0.348584104411	-1.52368118123e-11	
2737.70743	0.362739932243	0.362739932235	8.04739608284e-12	
2737.71099	0.375094308712	0.375094308677	3.4638125701e-11	
2737.71457	0.383838926807	0.383838926748	5.89648885274e-11	
2737.71813	0.386818250702	0.386818250618	8.37994118541e-11	
2737.7217	0.382167093306	0.382167093203	1.03133945828e-10	
2737.72527	0.368380471416	0.368380471295	1.20504273227e-10	
2737.72884	0.344655337099	0.344655336967	1.32090560712e-10	
2737.7324	0.311177186493	0.311177186358	1.34501798588e-10	
2737.73596	0.268955580921	0.268955580783	1.37780897802e-10	
2737.73953	0.219901503501	0.21990150337	1.30525340536e-10	
2737.7431	0.167099023628	0.167099023511	1.16652021376e-10	
2737.74666	0.114371939139	0.114371939046	9.28910420805e-11	
2737.75023	0.0655031719103	0.0655031718424	6.79388073577e-11	
2737.75379	0.0248845717964	0.0248845717609	3.54674067893e-11	
2737.75735	-0.00384674763239	-0.00384674763289	4.9956479925e-13	
2737.76093	-0.0176383265578	-0.0176383265231	-3.47257674005e-11	
2737.7645	-0.0142366441873	-0.0142366441175	-6.97792223309e-11	
2737.76806	0.0069984885112	0.0069984886165	-1.05299682168e-10	
2737.77166	0.0459426804351	0.0459426805685	-1.3338745386e-10	
2737.77522	0.0996492204317	0.0996492205858	-1.54131554742e-10	
2737.77879	0.165280209735	0.165280209902	-1.66830244064e-10	
2737.78237	0.238440639412	0.238440639577	-1.64923102952e-10	
2737.78594	0.313509204785	0.313509204947	-1.62424851347e-10	
2737.78951	0.385178947206	0.385178947352	-1.45659373452e-10	
2737.79307	0.447943393627	0.447943393747	-1.19981025115e-10	
2737.79666	0.497657961962	0.497657962049	-8.69995187003e-11	
2737.80022	0.529770497689	0.529770497736	-4.7335135811e-11	
2737.80381	0.542404112661	0.542404112669	-8.142153618e-12	
2737.80738	0.53443793847	0.534437938438	3.21521698154e-11	
2737.81095	0.506742538546	0.506742538473	7.27189419791e-11	
2737.81452	0.461587819067	0.461587818959	1.07927611293e-10	
2737.81809	0.402563651956	0.40256365182	1.36320899013e-10	
2737.82168	0.333861647698	0.333861647542	1.55671808777e-10	
2737.82525	0.261462754866	0.2614627547	1.66055114104e-10	
2737.82882	0.190349648296	0.190349648128	1.67883096314e-10	
2737.83241	0.125233839742	0.125233839581	1.60986529663e-10	
2737.83598	0.0712016510226	0.0712016508813	1.4129089565e-10	
2737.83955	0.0311672228172	0.0311672227007	1.16460178307e-10	
2737.84314	0.00707584044126	0.00707584035538	8.58761802988e-11	
2737.84671	-0.000143226333227	-0.000143226388286	5.50585111628e-11	
2737.85028	0.00863649808876	0.00863649807261	1.61533859205e-11	
2737.85386	0.03160161483	0.0316016148442	-1.41748626725e-11	
2737.85745	0.0659838521407	0.0659838521925	-5.18257797788e-11	
2737.86102	0.1079450983	0.10794509838	-8.04223493356e-11	
2737.86459	0.153893073189	0.153893073292	-1.0313430665e-10	
2737.86816	0.200164247411	0.200164247529	-1.18202087007e-10	
2737.87172	0.243398478613	0.243398478748	-1.34793759488e-10	
2737.8753	0.281372675201	0.281372675336	-1.3450868197e-10	
2737.87887	0.312023188842	0.312023188973	-1.31216149057e-10	
2737.88245	0.334713086715	0.334713086838	-1.22579502104e-10	
2737.88602	0.349392281101	0.34939228121	-1.09238118551e-10	
2737.88959	0.356961240634	0.356961240725	-9.14596176571e-11	
2737.89317	0.35878719145	0.358787191523	-7.3023920244e-11	
2737.89674	0.356523686423	0.35652368647	-4.72021310927e-11	
2737.90032	0.351851902724	0.351851902747	-2.29624652626e-11	
2737.90389	0.346259073966	0.346259073965	1.04971586978e-12	
2737.90746	0.340764608642	0.340764608617	2.47376008566e-11	
2737.91105	0.335814770945	0.335814770896	4.85224083135e-11	
2737.9146	0.3313576406	0.331357640531	6.88017975925e-11	
2737.91818	0.32661508535	0.326615085263	8.72400485186e-11	
2737.92892	0.298780811951	0.29878081183	1.21166299216e-10	
2737.93606	0.257176890595	0.257176890468	1.27451660337e-10	
2738.63915	0.208154170484	0.208154170329	1.54608492675e-10	
2738.65865	-0.0328046659272	-0.0328046659043	-2.2864397875e-11	
2738.6622	-0.032331618437	-0.0323316183754	-6.1623178782e-11	
2738.66577	-0.0128851008426	-0.012885100738	-1.04591127426e-10	
2738.66933	0.0247275552163	0.024727555355	-1.38683248913e-10	
2738.67288	0.0781664256435	0.078166425809	-1.65503000193e-10	
2738.67653	0.146006860686	0.146006860873	-1.87449417099e-10	
2738.6801	0.220288302983	0.220288303174	-1.9071097479e-10	
2738.68366	0.296808707519	0.29680870771	-1.91043958431e-10	
2738.68723	0.370398891207	0.370398891383	-1.76094749893e-10	
2738.69079	0.435271794479	0.435271794626	-1.47368783843e-10	
2738.69435	0.486927487251	0.486927487367	-1.15695120151e-10	
2738.70198	0.537804779965	0.537804779988	-2.34485764139e-11	
2738.70557	0.530287047267	0.530287047243	2.37869723918e-11	
2738.70914	0.503576137412	0.503576137343	6.89367452011e-11	
2738.7127	0.460267832336	0.460267832231	1.04593722572e-10	
2738.73056	0.142300096532	0.142300096355	1.7725043655e-10	
2738.73415	0.0915016767746	0.0915016766141	1.60498878077e-10	
2738.73771	0.0541671523545	0.0541671522181	1.36416801466e-10	
2738.7413	0.0313261611436	0.0313261610354	1.08226275164e-10	
2738.74488	0.0237132219245	0.0237132218503	7.41857096587e-11	
2738.74846	0.0303645629397	0.0303645629002	3.95173165024e-11	
2738.75202	0.0492079748505	0.0492079748542	-3.6915817625e-12	
2738.75561	0.0778317854609	0.0778317855	-3.9080100267e-11	
2738.75916	0.112491426737	0.112491426807	-7.01045332896e-11	
2738.76272	0.150331721677	0.150331721772	-9.48758016595e-11	
2738.76629	0.188306766105	0.188306766222	-1.17163750923e-10	
2738.76986	0.22370955179	0.223709551921	-1.31471972198e-10	
2738.77342	0.25454347288	0.254543473021	-1.4130174808e-10	
2738.77699	0.279862883567	0.279862883711	-1.44412259928e-10	
2738.78056	0.299260029255	0.299260029401	-1.45557177422e-10	
2738.78412	0.313112918252	0.313112918379	-1.26853638704e-10	
2738.7877	0.322486237367	0.322486237479	-1.11869957742e-10	
2738.79127	0.32858834832	0.328588348417	-9.68994884332e-11	
2738.79484	0.33284002923	0.332840029302	-7.18197168403e-11	
2738.79841	0.336467235234	0.336467235286	-5.21216403371e-11	
2738.80199	0.340332332526	0.340332332549	-2.30833685499e-11	
2738.80558	0.344764432107	0.344764432103	3.70697916807e-12	
2740.65183	0.0151537401932	0.0151537401199	7.33200618275e-11	
2740.6554	-0.0173628617058	-0.0173628617279	2.21301900416e-11	
2740.65897	-0.0335238444865	-0.0335238444559	-3.05817940416e-11	
2740.66609	-0.0102259587101	-0.0102259585784	-1.31732985631e-10	
2740.66966	0.0290692128993	0.029069213077	-1.77651525435e-10	
2740.67324	0.084347436406	0.0843474366171	-2.11069800526e-10	
2740.68038	0.226290483452	0.226290483693	-2.40746755864e-10	
2740.68396	0.303191629485	0.303191629716	-2.30538532708e-10	
2740.68753	0.376265073274	0.376265073489	-2.14559758849e-10	
2740.69518	0.496651876634	0.496651876764	-1.30276400778e-10	
2740.69876	0.527203711736	0.527203711817	-8.11126721345e-11	
2740.70232	0.537962916864	0.537962916888	-2.36278774324e-11	
2740.70588	0.528702490285	0.528702490253	3.22565307798e-11	
2740.70945	0.500421747593	0.500421747506	8.67527161219e-11	
2740.71301	0.455820663169	0.455820663029	1.39595390802e-10	
2740.71656	0.398743536198	0.398743536021	1.77313219663e-10	
2740.72015	0.332853810608	0.332853810406	2.01908434416e-10	
2740.72371	0.26443751026	0.264437510037	2.22616147738e-10	
2740.72731	0.197262896402	0.197262896173	2.29360697102e-10	
2740.73087	0.137457988946	0.137457988728	2.18474210945e-10	
2740.73444	0.0879441805664	0.0879441803679	1.98457889011e-10	
2740.738	0.0517568545115	0.0517568543427	1.68773495179e-10	
2740.74156	0.0302670290465	0.0302670289153	1.31175528773e-10	
2740.74512	0.0237294085512	0.0237294084668	8.4392843408e-11	
2740.7487	0.0312781433824	0.0312781433445	3.78579875782e-11	
2740.75227	0.0509233751561	0.0509233751653	-9.16096365433e-12	
2740.75583	0.0798297565058	0.0798297565533	-4.75137290623e-11	
2740.75939	0.114877290462	0.114877290553	-9.14434916677e-11	
2740.76295	0.152808208817	0.152808208937	-1.20190052355e-10	
2740.76652	0.190689533591	0.190689533738	-1.47439976894e-10	
2740.7701	0.225945435326	0.225945435491	-1.65284258502e-10	
2740.77367	0.256507239828	0.256507240004	-1.7619200543e-10	
2740.77724	0.281413062519	0.281413062694	-1.75378933598e-10	
2740.78081	0.300403264985	0.300403265154	-1.68768832243e-10	
2740.7844	0.313995285193	0.313995285353	-1.60416069317e-10	
2740.78796	0.323023118489	0.323023118627	-1.38144884421e-10	
2740.79153	0.328944152275	0.32894415239	-1.14534381979e-10	
2740.79513	0.333143617687	0.333143617779	-9.15270637059e-11	
2740.79869	0.33675349932	0.336753499378	-5.83214032623e-11	
2740.80226	0.340646066922	0.340646066949	-2.68895461453e-11	
2740.80582	0.345077241783	0.345077241776	7.18680670531e-12	
2740.80938	0.349741753382	0.349741753343	3.88414300723e-11	
2740.81295	0.353767049988	0.353767049915	7.33287319754e-11	
2740.81651	0.355790658343	0.355790658238	1.04543096402e-10	
2740.82009	0.354196890553	0.35419689042	1.32812483233e-10	
2740.82365	0.347358134714	0.347358134563	1.51440915364e-10	
2740.82723	0.333773143684	0.333773143507	1.77079351182e-10	
2740.83081	0.312525576683	0.312525576495	1.87721005407e-10	
2740.8344	0.283296773921	0.283296773733	1.87649562555e-10	
2740.83796	0.247106904427	0.247106904248	1.7908224903e-10	
2740.84152	0.205268173086	0.205268172921	1.64668556568e-10	
2740.8451	0.159896505582	0.15989650544	1.42235084821e-10	
2740.84868	0.114340312486	0.114340312377	1.09431422257e-10	
2740.85225	0.072306879304	0.0723068792315	7.2472514101e-11	
2740.85584	0.0372173246686	0.0372173246453	2.32972530156e-11	
2740.8594	0.0130409961863	0.0130409962075	-2.12142820671e-11	
2740.86299	0.0023429982696	0.00234299834452	-7.49224094224e-11	
2740.86656	0.00738211314738	0.00738211326627	-1.18893277168e-10	
2740.87015	0.0291096459068	0.0291096460663	-1.59463983684e-10	
2740.87371	0.0667128486284	0.0667128488265	-1.98097968584e-10	
2740.87728	0.118670490673	0.118670490892	-2.19376808386e-10	
2740.88085	0.181804435821	0.181804436059	-2.37629166344e-10	
2740.88441	0.251739797006	0.251739797235	-2.28959795567e-10	
2740.88798	0.323944944285	0.323944944503	-2.18486728709e-10	
2740.89155	0.392927667867	0.392927668059	-1.92444504776e-10	
2740.89512	0.453458718379	0.453458718533	-1.53772716782e-10	
2740.8987	0.500941337947	0.500941338054	-1.06637254582e-10	
2740.90228	0.531388092711	0.531388092758	-4.72317740474e-11	
2740.90585	0.542277828583	0.542277828573	9.96436266831e-12	
2740.90946	0.53250075721	0.53250075714	6.95998814138e-11	
2740.91304	0.502776947263	0.502776947139	1.23584809053e-10	
2740.91662	0.455299810537	0.455299810366	1.70777392228e-10	
2740.9202	0.393644014771	0.393644014567	2.03688121925e-10	
2740.92382	0.321636609173	0.321636608936	2.37069530673e-10	
2740.92739	0.246471844602	0.246471844359	2.43020603641e-10	
